6381
4590
2126
3092
400
6139
360
3201
360
861
1547
1547
1598
1598
6755
6420
2126
2126
2126
3526
5486
5486
2045
2045
2045
5773
5773
5773
4815
4815
4815
3123
3054
371
6620
6620
6620
3554
4436
4436
4436
395
395
395
736
736
736
5762
5762
5762
2806
2806
2806
1052
1052
1052
5446
5446
5446
3973
3973
3973
757
757
757
1174
1174
1174
5705
5705
5705
6027
6225
2474
2412
2412
2412
3379
3379
3379
371
5298
6027
5411
3696
211
6420
6420
6420
4126
4126
4126
6414
6414
6414
163
163
163
4815
4815
4815
1820
1820
1820
4217
4217
4217
3300
3300
3300
4900
4900
4900
2403
2403
2403
353
353
353
4591
4591
4591
4052
4052
4052
5379
5379
5379
5397
5397
5397
4276
4276
4276
6659
6659
6659
2635
2635
2635
991
991
991
4692
4692
4692
6139
6139
6139
2253
2253
2253
6262
6262
6262
371
371
371
163
163
163
4217
4217
4217
6682
6682
6682
6682
6682
6682
6682
6682
6682
5943
5943
5943
5943
5943
5943
5943
5943
5943
1082
1082
1082
1082
1082
1082
1082
1082
1082
5864
5864
5864
5864
5864
5864
5864
5864
5864
371
371
371
371
371
371
371
371
371
4560
4560
4560
4560
4560
4560
4560
4560
4560
5486
5486
5486
5486
5486
5486
5486
5486
5486
502
502
502
502
502
502
502
502
502
3375
3375
3375
3375
3375
3375
3375
3375
3375
2497
2497
2497
2497
2497
2497
2497
2497
2497
2370
2370
2370
2370
2370
2370
2370
2370
2370
3201
3201
3201
3201
3201
3201
3201
3201
3201
6251
6251
6251
6251
6251
6251
6251
6251
6251
254
254
254
254
254
254
254
254
254
6526
6526
6526
6526
6526
6526
6526
6526
6526
2694
2694
2694
2694
2694
2694
2694
2694
2694