1565
6666
4124
5486
6668
738
825
4531
4531
6409
3977
3977
3655
3655
4132
4217
6668
6668
6668
5275
519
5486
513
6668
6668
6308
6308
6308
6027
6027
6027
6727
252
252
427
6184
5594
4222
5257
5257
5257
2094
2094
2094
5462
5462
5462
2295
2295
2295
2294
2294
2294
4368
4368
4368
1700
1700
1700
1700
1700
1700
1700
1700
1700
4731
4731
4731
4731
4731
4731
4731
4731
4731
5710
5710
5710
5710
5710
5710
5710
5710
5710
4368
4368
4368
4368
4368
4368
4368
4368
4368
6723
6723
6723
6723
6723
6723
6723
6723
6723
3471
3471
3471
3471
3471
3471
3471
3471
3471
134
134
134
134
134
134
134
134
134
3307
3307
3307
3307
3307
3307
3307
3307
3307
1893
1893
1893
1893
1893
1893
1893
1893
1893
6655
6655
6655
6655
6655
6655
6655
6655
6655
2315
2315
2315
2315
2315
2315
2315
2315
2315
974
974
974
974
974
974
974
974
974