2010
4386
3279
1156
1893
1948
3724 
1520
313
3692 
2697
2606
3825
2978
6429
370
1529
2018
5202
3180
6103
1057
1642
4590
3059
2330
3200
3223
2875
2508
5696
5569
2950
163
2204
5611
4027
907
5044
3191
4531
5847
4929
1203
6381
2126
3092
400
6139
360
3201
861
1547
1598
6755
6420
3526
5486
2045
5774
4815
3124
3055
371
6620
3554
4436
395
736
5762
2806
1052
5446
3973
757
1174
5705
6027
6225
2474
2412
3379
5298
5411
3696
211
4126
6414
1820
4217
3300
4900
2403
353
4591
5689
1671
1079
3877
1205
3908
3359
889
5911
4492
4052
5379
5397
4276
6659
2635
991
4692
2253
6262
1565
6666
4124
6668
738
825
6409
3977
3655
4132
5275
519
513
6308
6727
252
427
6184
5594
4222
5257
2094
5462
2295
2294
4368