6103
3724
1057
1642
4590
4531
3059
2330
3200
3223
2875
2508
5696
5696
5696
5569
5569
5569
2950
2950
2950
163
163
163
2204
2204
5611
4027
907
5044
5044
5044
3191
4531
4531
5847
5847
4929
1203
1203
1639
1639
1639
1639
1639
1639
1639
1639
1639
2732
2732
2732
2732
2732
2732
2732
2732
2732
3724
3724
3724
3724
3724
3724
3724
3724
3724
631
631
631
631
631
631
631
631
631
7
7
7
7
7
7
7
7
7
6008
6008
6008
6008
6008
6008
6008
6008
6008
2302
2302
2302
2302
2302
2302
2302
2302
2302
3125
3125
3125
3125
3125
3125
3125
3125
3125