5689
5689
5689
1671
1671
1671
1079
1079
1079
3877
3877
3877
1205
1205
1205
3908
3908
3908
3359
3359
3359
889
889
889
5911
5911
5911
4492
4492
4492
6740
6740
6740
6740
6740
6740
6740
6740
6740
3359
3359
3359
3359
3359
3359
3359
3359
3359
3385
3385
3385
3385
3385
3385
3385
3385
3385
4160
4160
4160
4160
4160
4160
4160
4160
4160
294
294
294
294
294
294
294
294
294
6027
6027
6027
6027
6027
6027
6027
6027
6027
492
492
492
492
492
492
492
492
492
807
807
807
807
807
807
807
807
807
1096
1096
1096
1096
1096
1096
1096
1096
1096